Data
Käkisalmi,60.97690590000001,26.6556854,Lappeenranta,61.05499289999999,28.1896628,11
Savonlinna,61.8679728,28.8863842,Käkisalmi,60.97690590000001,26.6556854,11
Kuopio,62.89796999999999,27.6781725,Uusikaupunki,60.8002023,21.4225421,11
Kotka,60.4665666,26.9459403,Uusikaupunki,60.8002023,21.4225421,11
Heinola,61.2042303,26.0381008,Kuopio,62.89796999999999,27.6781725,11
Kuopio,62.89796999999999,27.6781725,Heinola,61.2042303,26.0381008,11
Heinola,61.2042303,26.0381008,Hamina,60.56920280000001,27.1938458,11
Joensuu,62.6010155,29.7635719,Kristiina,62.273935,21.37977,11
Hämeenlinna,60.9928787,24.4590243,Heinola,61.2042303,26.0381008,11
Käkisalmi,60.97690590000001,26.6556854,Kuopio,62.89796999999999,27.6781725,12
Joensuu,62.6010155,29.7635719,Käkisalmi,60.97690590000001,26.6556854,12
Käkisalmi,60.97690590000001,26.6556854,Hamina,60.56920280000001,27.1938458,12
Uusikaupunki,60.8002023,21.4225421,Mikkeli,61.68872709999999,27.2721457,12
Joensuu,62.6010155,29.7635719,Uusikaupunki,60.8002023,21.4225421,12
Heinola,61.2042303,26.0381008,Joensuu,62.6010155,29.7635719,12
Tampere,61.4977524,23.7609535,Kristiina,62.273935,21.37977,13
Heinola,61.2042303,26.0381008,Kotka,60.4665666,26.9459403,13
Hamina,60.56920280000001,27.1938458,Jyväskylä,62.2426034,25.7472567,13
Sortavala,61.70454239999999,30.6879017,Käkisalmi,60.97690590000001,26.6556854,13
Raahe,64.6846329,24.4790186,Oulu,65.0120888,25.4650773,13
Hamina,60.56920280000001,27.1938458,Mikkeli,61.68872709999999,27.2721457,14
Hämeenlinna,60.9928787,24.4590243,Uusikaupunki,60.8002023,21.4225421,14
Rauma,61.1308854,21.5059264,Hamina,60.56920280000001,27.1938458,14
Uusikaupunki,60.8002023,21.4225421,Tampere,61.4977524,23.7609535,14
Lappeenranta,61.05499289999999,28.1896628,Kokkola,63.8384908,23.1304813,15
Savonlinna,61.8679728,28.8863842,Hämeenlinna,60.9928787,24.4590243,15
Raahe,64.6846329,24.4790186,Rauma,61.1308854,21.5059264,15
Sortavala,61.70454239999999,30.6879017,Kokkola,63.8384908,23.1304813,15
Sortavala,61.70454239999999,30.6879017,Hamina,60.56920280000001,27.1938458,16
Joensuu,62.6010155,29.7635719,Heinola,61.2042303,26.0381008,16
Mikkeli,61.68872709999999,27.2721457,Kokkola,63.8384908,23.1304813,16
Hämeenlinna,60.9928787,24.4590243,Raahe,64.6846329,24.4790186,16
Oulu,65.0120888,25.4650773,Käkisalmi,60.97690590000001,26.6556854,16
Pori,61.4851393,21.7974178,Kristiina,62.273935,21.37977,17
Rauma,61.1308854,21.5059264,Käkisalmi,60.97690590000001,26.6556854,17
Jyväskylä,62.2426034,25.7472567,Kristiina,62.273935,21.37977,17
Kuopio,62.89796999999999,27.6781725,Käkisalmi,60.97690590000001,26.6556854,17
Jyväskylä,62.2426034,25.7472567,Hamina,60.56920280000001,27.1938458,18
Kuopio,62.89796999999999,27.6781725,Kristiina,62.273935,21.37977,18
Käkisalmi,60.97690590000001,26.6556854,Mikkeli,61.68872709999999,27.2721457,18
Hämeenlinna,60.9928787,24.4590243,Hamina,60.56920280000001,27.1938458,19
Heinola,61.2042303,26.0381008,Turku,60.4518126,22.2666303,19
Savonlinna,61.8679728,28.8863842,Kokkola,63.8384908,23.1304813,20
Kokkola,63.8384908,23.1304813,Savonlinna,61.8679728,28.8863842,20
Raahe,64.6846329,24.4790186,Tampere,61.4977524,23.7609535,20
Hamina,60.56920280000001,27.1938458,Pori,61.4851393,21.7974178,21
Oulu,65.0120888,25.4650773,Kristiina,62.273935,21.37977,21
Vaasa,63.09508899999999,21.6164564,Uusikaupunki,60.8002023,21.4225421,21
Käkisalmi,60.97690590000001,26.6556854,Turku,60.4518126,22.2666303,21
Kokkola,63.8384908,23.1304813,Lappeenranta,61.05499289999999,28.1896628,21
Vaasa,63.09508899999999,21.6164564,Hamina,60.56920280000001,27.1938458,22
Lappeenranta,61.05499289999999,28.1896628,Heinola,61.2042303,26.0381008,22
Käkisalmi,60.97690590000001,26.6556854,Tampere,61.4977524,23.7609535,22
Jyväskylä,62.2426034,25.7472567,Uusikaupunki,60.8002023,21.4225421,23
Käkisalmi,60.97690590000001,26.6556854,Helsinki,60.16985569999999,24.938379,23
Heinola,61.2042303,26.0381008,Oulu,65.0120888,25.4650773,23
Uusikaupunki,60.8002023,21.4225421,Rauma,61.1308854,21.5059264,23
Vaasa,63.09508899999999,21.6164564,Heinola,61.2042303,26.0381008,24
Heinola,61.2042303,26.0381008,Jyväskylä,62.2426034,25.7472567,24
Jyväskylä,62.2426034,25.7472567,Raahe,64.6846329,24.4790186,24
Rauma,61.1308854,21.5059264,Raahe,64.6846329,24.4790186,24
Oulu,65.0120888,25.4650773,Hamina,60.56920280000001,27.1938458,24
Hamina,60.56920280000001,27.1938458,Viipuri,60.7139529,28.75715709999999,24
Rauma,61.1308854,21.5059264,Kokkola,63.8384908,23.1304813,25
Hamina,60.56920280000001,27.1938458,Helsinki,60.16985569999999,24.938379,26
Hamina,60.56920280000001,27.1938458,Tampere,61.4977524,23.7609535,26
Lappeenranta,61.05499289999999,28.1896628,Uusikaupunki,60.8002023,21.4225421,26
Kokkola,63.8384908,23.1304813,Pori,61.4851393,21.7974178,26
Kotka,60.4665666,26.9459403,Sortavala,61.70454239999999,30.6879017,26
Heinola,61.2042303,26.0381008,Tampere,61.4977524,23.7609535,26
Lappeenranta,61.05499289999999,28.1896628,Raahe,64.6846329,24.4790186,27
Savonlinna,61.8679728,28.8863842,Sortavala,61.70454239999999,30.6879017,28
Savonlinna,61.8679728,28.8863842,Kotka,60.4665666,26.9459403,28
Jyväskylä,62.2426034,25.7472567,Heinola,61.2042303,26.0381008,29
Lappeenranta,61.05499289999999,28.1896628,Käkisalmi,60.97690590000001,26.6556854,29
Hamina,60.56920280000001,27.1938458,Lappeenranta,61.05499289999999,28.1896628,29
Käkisalmi,60.97690590000001,26.6556854,Viipuri,60.7139529,28.75715709999999,30
Mikkeli,61.68872709999999,27.2721457,Käkisalmi,60.97690590000001,26.6556854,31
Jyväskylä,62.2426034,25.7472567,Käkisalmi,60.97690590000001,26.6556854,31
Savonlinna,61.8679728,28.8863842,Lappeenranta,61.05499289999999,28.1896628,32
Pori,61.4851393,21.7974178,Hamina,60.56920280000001,27.1938458,32
Heinola,61.2042303,26.0381008,Vaasa,63.09508899999999,21.6164564,32
Vaasa,63.09508899999999,21.6164564,Käkisalmi,60.97690590000001,26.6556854,32
Hamina,60.56920280000001,27.1938458,Kotka,60.4665666,26.9459403,33
Hämeenlinna,60.9928787,24.4590243,Savonlinna,61.8679728,28.8863842,33
Mikkeli,61.68872709999999,27.2721457,Hamina,60.56920280000001,27.1938458,34
Pori,61.4851393,21.7974178,Heinola,61.2042303,26.0381008,34
Uusikaupunki,60.8002023,21.4225421,Turku,60.4518126,22.2666303,35
Kristiina,62.273935,21.37977,Helsinki,60.16985569999999,24.938379,35
Sortavala,61.70454239999999,30.6879017,Savonlinna,61.8679728,28.8863842,35
Savonlinna,61.8679728,28.8863842,Rauma,61.1308854,21.5059264,35
Vaasa,63.09508899999999,21.6164564,Raahe,64.6846329,24.4790186,35
Mikkeli,61.68872709999999,27.2721457,Heinola,61.2042303,26.0381008,36
Rauma,61.1308854,21.5059264,Savonlinna,61.8679728,28.8863842,36
Kotka,60.4665666,26.9459403,Mikkeli,61.68872709999999,27.2721457,37
Viipuri,60.7139529,28.75715709999999,Uusikaupunki,60.8002023,21.4225421,37
Kokkola,63.8384908,23.1304813,Jyväskylä,62.2426034,25.7472567,38
Savonlinna,61.8679728,28.8863842,Jyväskylä,62.2426034,25.7472567,38
Vaasa,63.09508899999999,21.6164564,Kristiina,62.273935,21.37977,39
Pori,61.4851393,21.7974178,Käkisalmi,60.97690590000001,26.6556854,39
Rauma,61.1308854,21.5059264,Uusikaupunki,60.8002023,21.4225421,40
Turku,60.4518126,22.2666303,Kristiina,62.273935,21.37977,40
Kotka,60.4665666,26.9459403,Hämeenlinna,60.9928787,24.4590243,41
Rauma,61.1308854,21.5059264,Kotka,60.4665666,26.9459403,41
Kotka,60.4665666,26.9459403,Kokkola,63.8384908,23.1304813,42
Viipuri,60.7139529,28.75715709999999,Heinola,61.2042303,26.0381008,43
Oulu,65.0120888,25.4650773,Heinola,61.2042303,26.0381008,45
Viipuri,60.7139529,28.75715709999999,Raahe,64.6846329,24.4790186,46
Kotka,60.4665666,26.9459403,Savonlinna,61.8679728,28.8863842,47
Mikkeli,61.68872709999999,27.2721457,Raahe,64.6846329,24.4790186,48
Mikkeli,61.68872709999999,27.2721457,Uusikaupunki,60.8002023,21.4225421,49
Kokkola,63.8384908,23.1304813,Joensuu,62.6010155,29.7635719,49
Kotka,60.4665666,26.9459403,Jyväskylä,62.2426034,25.7472567,49
Rauma,61.1308854,21.5059264,Sortavala,61.70454239999999,30.6879017,49
Kokkola,63.8384908,23.1304813,Kotka,60.4665666,26.9459403,52
Pori,61.4851393,21.7974178,Uusikaupunki,60.8002023,21.4225421,52
Joensuu,62.6010155,29.7635719,Kokkola,63.8384908,23.1304813,52
Kokkola,63.8384908,23.1304813,Turku,60.4518126,22.2666303,53
Savonlinna,61.8679728,28.8863842,Oulu,65.0120888,25.4650773,55
Savonlinna,61.8679728,28.8863842,Pori,61.4851393,21.7974178,56
Mikkeli,61.68872709999999,27.2721457,Kotka,60.4665666,26.9459403,56
Kokkola,63.8384908,23.1304813,Rauma,61.1308854,21.5059264,57
Jyväskylä,62.2426034,25.7472567,Kokkola,63.8384908,23.1304813,57
Savonlinna,61.8679728,28.8863842,Vaasa,63.09508899999999,21.6164564,57
Kotka,60.4665666,26.9459403,Lappeenranta,61.05499289999999,28.1896628,58
Lappeenranta,61.05499289999999,28.1896628,Savonlinna,61.8679728,28.8863842,58
Kokkola,63.8384908,23.1304813,Viipuri,60.7139529,28.75715709999999,59
Turku,60.4518126,22.2666303,Heinola,61.2042303,26.0381008,60
Turku,60.4518126,22.2666303,Hamina,60.56920280000001,27.1938458,61
Kristiina,62.273935,21.37977,Vaasa,63.09508899999999,21.6164564,62
Lappeenranta,61.05499289999999,28.1896628,Hamina,60.56920280000001,27.1938458,64
Pori,61.4851393,21.7974178,Raahe,64.6846329,24.4790186,64
Rauma,61.1308854,21.5059264,Joensuu,62.6010155,29.7635719,64
Rauma,61.1308854,21.5059264,Jyväskylä,62.2426034,25.7472567,64
Sortavala,61.70454239999999,30.6879017,Rauma,61.1308854,21.5059264,65
Kotka,60.4665666,26.9459403,Hamina,60.56920280000001,27.1938458,66
Heinola,61.2042303,26.0381008,Helsinki,60.16985569999999,24.938379,70
Kokkola,63.8384908,23.1304813,Helsinki,60.16985569999999,24.938379,70
Mikkeli,61.68872709999999,27.2721457,Sortavala,61.70454239999999,30.6879017,71
Turku,60.4518126,22.2666303,Käkisalmi,60.97690590000001,26.6556854,71
Kotka,60.4665666,26.9459403,Rauma,61.1308854,21.5059264,71
Tampere,61.4977524,23.7609535,Hamina,60.56920280000001,27.1938458,74
Oulu,65.0120888,25.4650773,Raahe,64.6846329,24.4790186,74
Savonlinna,61.8679728,28.8863842,Turku,60.4518126,22.2666303,75
Oulu,65.0120888,25.4650773,Uusikaupunki,60.8002023,21.4225421,76
Pori,61.4851393,21.7974178,Kokkola,63.8384908,23.1304813,76
Joensuu,62.6010155,29.7635719,Hämeenlinna,60.9928787,24.4590243,78
Rauma,61.1308854,21.5059264,Kuopio,62.89796999999999,27.6781725,79
Helsinki,60.16985569999999,24.938379,Kristiina,62.273935,21.37977,80
Tampere,61.4977524,23.7609535,Uusikaupunki,60.8002023,21.4225421,82
Kokkola,63.8384908,23.1304813,Tampere,61.4977524,23.7609535,82
Sortavala,61.70454239999999,30.6879017,Kotka,60.4665666,26.9459403,82
Rauma,61.1308854,21.5059264,Hämeenlinna,60.9928787,24.4590243,84
Joensuu,62.6010155,29.7635719,Lappeenranta,61.05499289999999,28.1896628,86
Kotka,60.4665666,26.9459403,Turku,60.4518126,22.2666303,88
Joensuu,62.6010155,29.7635719,Kotka,60.4665666,26.9459403,89
Viipuri,60.7139529,28.75715709999999,Hamina,60.56920280000001,27.1938458,89
Rauma,61.1308854,21.5059264,Lappeenranta,61.05499289999999,28.1896628,92
Tampere,61.4977524,23.7609535,Käkisalmi,60.97690590000001,26.6556854,93
Jyväskylä,62.2426034,25.7472567,Kotka,60.4665666,26.9459403,94
Rauma,61.1308854,21.5059264,Vaasa,63.09508899999999,21.6164564,94
Kokkola,63.8384908,23.1304813,Kuopio,62.89796999999999,27.6781725,96
Tampere,61.4977524,23.7609535,Heinola,61.2042303,26.0381008,96
Hämeenlinna,60.9928787,24.4590243,Sortavala,61.70454239999999,30.6879017,96
Tampere,61.4977524,23.7609535,Raahe,64.6846329,24.4790186,97
Vaasa,63.09508899999999,21.6164564,Savonlinna,61.8679728,28.8863842,97
Viipuri,60.7139529,28.75715709999999,Käkisalmi,60.97690590000001,26.6556854,98
Kotka,60.4665666,26.9459403,Joensuu,62.6010155,29.7635719,99
Sortavala,61.70454239999999,30.6879017,Jyväskylä,62.2426034,25.7472567,100
Sortavala,61.70454239999999,30.6879017,Hämeenlinna,60.9928787,24.4590243,100
Hämeenlinna,60.9928787,24.4590243,Kotka,60.4665666,26.9459403,101
Sortavala,61.70454239999999,30.6879017,Mikkeli,61.68872709999999,27.2721457,102
Sortavala,61.70454239999999,30.6879017,Vaasa,63.09508899999999,21.6164564,102
Kotka,60.4665666,26.9459403,Pori,61.4851393,21.7974178,102
Rauma,61.1308854,21.5059264,Viipuri,60.7139529,28.75715709999999,103
Turku,60.4518126,22.2666303,Raahe,64.6846329,24.4790186,103
Jyväskylä,62.2426034,25.7472567,Savonlinna,61.8679728,28.8863842,104
Lappeenranta,61.05499289999999,28.1896628,Kotka,60.4665666,26.9459403,106
Savonlinna,61.8679728,28.8863842,Kuopio,62.89796999999999,27.6781725,106
Kokkola,63.8384908,23.1304813,Hämeenlinna,60.9928787,24.4590243,106
Joensuu,62.6010155,29.7635719,Rauma,61.1308854,21.5059264,107
Savonlinna,61.8679728,28.8863842,Mikkeli,61.68872709999999,27.2721457,109
Kotka,60.4665666,26.9459403,Vaasa,63.09508899999999,21.6164564,111
Jyväskylä,62.2426034,25.7472567,Lappeenranta,61.05499289999999,28.1896628,115
Kokkola,63.8384908,23.1304813,Vaasa,63.09508899999999,21.6164564,115
Jyväskylä,62.2426034,25.7472567,Sortavala,61.70454239999999,30.6879017,118
Turku,60.4518126,22.2666303,Uusikaupunki,60.8002023,21.4225421,120
Rauma,61.1308854,21.5059264,Mikkeli,61.68872709999999,27.2721457,121
Savonlinna,61.8679728,28.8863842,Tampere,61.4977524,23.7609535,122
Lappeenranta,61.05499289999999,28.1896628,Jyväskylä,62.2426034,25.7472567,122
Kuopio,62.89796999999999,27.6781725,Lappeenranta,61.05499289999999,28.1896628,125
Hämeenlinna,60.9928787,24.4590243,Rauma,61.1308854,21.5059264,127
Oulu,65.0120888,25.4650773,Savonlinna,61.8679728,28.8863842,127
Lappeenranta,61.05499289999999,28.1896628,Sortavala,61.70454239999999,30.6879017,129
Mikkeli,61.68872709999999,27.2721457,Hämeenlinna,60.9928787,24.4590243,129
Kuopio,62.89796999999999,27.6781725,Kokkola,63.8384908,23.1304813,130
Sortavala,61.70454239999999,30.6879017,Lappeenranta,61.05499289999999,28.1896628,133
Lappeenranta,61.05499289999999,28.1896628,Kuopio,62.89796999999999,27.6781725,134
Vaasa,63.09508899999999,21.6164564,Sortavala,61.70454239999999,30.6879017,134
Joensuu,62.6010155,29.7635719,Jyväskylä,62.2426034,25.7472567,134
Lappeenranta,61.05499289999999,28.1896628,Joensuu,62.6010155,29.7635719,137
Hämeenlinna,60.9928787,24.4590243,Joensuu,62.6010155,29.7635719,138
Joensuu,62.6010155,29.7635719,Savonlinna,61.8679728,28.8863842,138
Savonlinna,61.8679728,28.8863842,Joensuu,62.6010155,29.7635719,139
Sortavala,61.70454239999999,30.6879017,Pori,61.4851393,21.7974178,140
Rauma,61.1308854,21.5059264,Oulu,65.0120888,25.4650773,140
Joensuu,62.6010155,29.7635719,Mikkeli,61.68872709999999,27.2721457,141
Vaasa,63.09508899999999,21.6164564,Kotka,60.4665666,26.9459403,142
Oulu,65.0120888,25.4650773,Sortavala,61.70454239999999,30.6879017,144
Kotka,60.4665666,26.9459403,Kuopio,62.89796999999999,27.6781725,144
Lappeenranta,61.05499289999999,28.1896628,Hämeenlinna,60.9928787,24.4590243,145
Helsinki,60.16985569999999,24.938379,Hamina,60.56920280000001,27.1938458,147
Kotka,60.4665666,26.9459403,Tampere,61.4977524,23.7609535,147
Pori,61.4851393,21.7974178,Savonlinna,61.8679728,28.8863842,154
Jyväskylä,62.2426034,25.7472567,Rauma,61.1308854,21.5059264,161
Joensuu,62.6010155,29.7635719,Vaasa,63.09508899999999,21.6164564,163
Hämeenlinna,60.9928787,24.4590243,Mikkeli,61.68872709999999,27.2721457,165
Kokkola,63.8384908,23.1304813,Oulu,65.0120888,25.4650773,165
Lappeenranta,61.05499289999999,28.1896628,Vaasa,63.09508899999999,21.6164564,171
Sortavala,61.70454239999999,30.6879017,Turku,60.4518126,22.2666303,178
Lappeenranta,61.05499289999999,28.1896628,Rauma,61.1308854,21.5059264,182
Joensuu,62.6010155,29.7635719,Sortavala,61.70454239999999,30.6879017,182
Hämeenlinna,60.9928787,24.4590243,Lappeenranta,61.05499289999999,28.1896628,183
Savonlinna,61.8679728,28.8863842,Viipuri,60.7139529,28.75715709999999,185
Kotka,60.4665666,26.9459403,Viipuri,60.7139529,28.75715709999999,187
Mikkeli,61.68872709999999,27.2721457,Joensuu,62.6010155,29.7635719,188
Kotka,60.4665666,26.9459403,Oulu,65.0120888,25.4650773,189
Vaasa,63.09508899999999,21.6164564,Lappeenranta,61.05499289999999,28.1896628,191
Mikkeli,61.68872709999999,27.2721457,Vaasa,63.09508899999999,21.6164564,194
Rauma,61.1308854,21.5059264,Helsinki,60.16985569999999,24.938379,194
Sortavala,61.70454239999999,30.6879017,Kuopio,62.89796999999999,27.6781725,197
Jyväskylä,62.2426034,25.7472567,Hämeenlinna,60.9928787,24.4590243,200
Kotka,60.4665666,26.9459403,Helsinki,60.16985569999999,24.938379,202
Sortavala,61.70454239999999,30.6879017,Joensuu,62.6010155,29.7635719,202
Pori,61.4851393,21.7974178,Kotka,60.4665666,26.9459403,206
Sortavala,61.70454239999999,30.6879017,Tampere,61.4977524,23.7609535,207
Vaasa,63.09508899999999,21.6164564,Rauma,61.1308854,21.5059264,210
Mikkeli,61.68872709999999,27.2721457,Rauma,61.1308854,21.5059264,211
Sortavala,61.70454239999999,30.6879017,Oulu,65.0120888,25.4650773,213
Oulu,65.0120888,25.4650773,Kotka,60.4665666,26.9459403,215
Kuopio,62.89796999999999,27.6781725,Hämeenlinna,60.9928787,24.4590243,219
Kuopio,62.89796999999999,27.6781725,Rauma,61.1308854,21.5059264,219
Kuopio,62.89796999999999,27.6781725,Kotka,60.4665666,26.9459403,223
Kuopio,62.89796999999999,27.6781725,Savonlinna,61.8679728,28.8863842,224
Joensuu,62.6010155,29.7635719,Turku,60.4518126,22.2666303,231
Hämeenlinna,60.9928787,24.4590243,Jyväskylä,62.2426034,25.7472567,232
Mikkeli,61.68872709999999,27.2721457,Savonlinna,61.8679728,28.8863842,233
Oulu,65.0120888,25.4650773,Kokkola,63.8384908,23.1304813,238
Helsinki,60.16985569999999,24.938379,Käkisalmi,60.97690590000001,26.6556854,239
Helsinki,60.16985569999999,24.938379,Uusikaupunki,60.8002023,21.4225421,239
Mikkeli,61.68872709999999,27.2721457,Jyväskylä,62.2426034,25.7472567,241
Kuopio,62.89796999999999,27.6781725,Sortavala,61.70454239999999,30.6879017,247
Hämeenlinna,60.9928787,24.4590243,Kuopio,62.89796999999999,27.6781725,258
Pori,61.4851393,21.7974178,Sortavala,61.70454239999999,30.6879017,259
Joensuu,62.6010155,29.7635719,Tampere,61.4977524,23.7609535,260
Mikkeli,61.68872709999999,27.2721457,Kuopio,62.89796999999999,27.6781725,263
Oulu,65.0120888,25.4650773,Lappeenranta,61.05499289999999,28.1896628,266
Vaasa,63.09508899999999,21.6164564,Kokkola,63.8384908,23.1304813,273
Hämeenlinna,60.9928787,24.4590243,Kokkola,63.8384908,23.1304813,276
Hämeenlinna,60.9928787,24.4590243,Vaasa,63.09508899999999,21.6164564,282
Lappeenranta,61.05499289999999,28.1896628,Oulu,65.0120888,25.4650773,284
Vaasa,63.09508899999999,21.6164564,Mikkeli,61.68872709999999,27.2721457,286
Mikkeli,61.68872709999999,27.2721457,Oulu,65.0120888,25.4650773,293
Turku,60.4518126,22.2666303,Kokkola,63.8384908,23.1304813,295
Tampere,61.4977524,23.7609535,Savonlinna,61.8679728,28.8863842,297
Lappeenranta,61.05499289999999,28.1896628,Mikkeli,61.68872709999999,27.2721457,300
Rauma,61.1308854,21.5059264,Tampere,61.4977524,23.7609535,301
Joensuu,62.6010155,29.7635719,Pori,61.4851393,21.7974178,305
Jyväskylä,62.2426034,25.7472567,Joensuu,62.6010155,29.7635719,309
Vaasa,63.09508899999999,21.6164564,Hämeenlinna,60.9928787,24.4590243,311
Hämeenlinna,60.9928787,24.4590243,Pori,61.4851393,21.7974178,317
Oulu,65.0120888,25.4650773,Hämeenlinna,60.9928787,24.4590243,319
Helsinki,60.16985569999999,24.938379,Heinola,61.2042303,26.0381008,320
Tampere,61.4977524,23.7609535,Kokkola,63.8384908,23.1304813,325
Helsinki,60.16985569999999,24.938379,Raahe,64.6846329,24.4790186,328
Viipuri,60.7139529,28.75715709999999,Kokkola,63.8384908,23.1304813,333
Lappeenranta,61.05499289999999,28.1896628,Pori,61.4851393,21.7974178,334
Oulu,65.0120888,25.4650773,Mikkeli,61.68872709999999,27.2721457,337
Turku,60.4518126,22.2666303,Savonlinna,61.8679728,28.8863842,367
Hämeenlinna,60.9928787,24.4590243,Oulu,65.0120888,25.4650773,368
Mikkeli,61.68872709999999,27.2721457,Lappeenranta,61.05499289999999,28.1896628,369
Mikkeli,61.68872709999999,27.2721457,Pori,61.4851393,21.7974178,375
Mikkeli,61.68872709999999,27.2721457,Turku,60.4518126,22.2666303,380
Pori,61.4851393,21.7974178,Hämeenlinna,60.9928787,24.4590243,386
Rauma,61.1308854,21.5059264,Pori,61.4851393,21.7974178,388
Lappeenranta,61.05499289999999,28.1896628,Turku,60.4518126,22.2666303,391
Oulu,65.0120888,25.4650773,Rauma,61.1308854,21.5059264,391
Pori,61.4851393,21.7974178,Lappeenranta,61.05499289999999,28.1896628,391
Vaasa,63.09508899999999,21.6164564,Joensuu,62.6010155,29.7635719,406
Joensuu,62.6010155,29.7635719,Oulu,65.0120888,25.4650773,419
Viipuri,60.7139529,28.75715709999999,Savonlinna,61.8679728,28.8863842,423
Mikkeli,61.68872709999999,27.2721457,Viipuri,60.7139529,28.75715709999999,426
Joensuu,62.6010155,29.7635719,Viipuri,60.7139529,28.75715709999999,426
Savonlinna,61.8679728,28.8863842,Helsinki,60.16985569999999,24.938379,432
Jyväskylä,62.2426034,25.7472567,Mikkeli,61.68872709999999,27.2721457,432
Tampere,61.4977524,23.7609535,Sortavala,61.70454239999999,30.6879017,443
Sortavala,61.70454239999999,30.6879017,Viipuri,60.7139529,28.75715709999999,464
Helsinki,60.16985569999999,24.938379,Kokkola,63.8384908,23.1304813,477
Lappeenranta,61.05499289999999,28.1896628,Helsinki,60.16985569999999,24.938379,482
Kuopio,62.89796999999999,27.6781725,Mikkeli,61.68872709999999,27.2721457,498
Tampere,61.4977524,23.7609535,Kotka,60.4665666,26.9459403,530
Lappeenranta,61.05499289999999,28.1896628,Tampere,61.4977524,23.7609535,544
Jyväskylä,62.2426034,25.7472567,Pori,61.4851393,21.7974178,551
Oulu,65.0120888,25.4650773,Jyväskylä,62.2426034,25.7472567,552
Jyväskylä,62.2426034,25.7472567,Viipuri,60.7139529,28.75715709999999,557
Pori,61.4851393,21.7974178,Jyväskylä,62.2426034,25.7472567,561
Jyväskylä,62.2426034,25.7472567,Kuopio,62.89796999999999,27.6781725,567
Sortavala,61.70454239999999,30.6879017,Helsinki,60.16985569999999,24.938379,580
Vaasa,63.09508899999999,21.6164564,Pori,61.4851393,21.7974178,582
Vaasa,63.09508899999999,21.6164564,Viipuri,60.7139529,28.75715709999999,588
Jyväskylä,62.2426034,25.7472567,Vaasa,63.09508899999999,21.6164564,609
Kuopio,62.89796999999999,27.6781725,Jyväskylä,62.2426034,25.7472567,614
Rauma,61.1308854,21.5059264,Turku,60.4518126,22.2666303,620
Kuopio,62.89796999999999,27.6781725,Vaasa,63.09508899999999,21.6164564,626
Viipuri,60.7139529,28.75715709999999,Kotka,60.4665666,26.9459403,629
Joensuu,62.6010155,29.7635719,Kuopio,62.89796999999999,27.6781725,629
Oulu,65.0120888,25.4650773,Joensuu,62.6010155,29.7635719,641
Turku,60.4518126,22.2666303,Sortavala,61.70454239999999,30.6879017,650
Pori,61.4851393,21.7974178,Joensuu,62.6010155,29.7635719,654
Jyväskylä,62.2426034,25.7472567,Oulu,65.0120888,25.4650773,667
Hämeenlinna,60.9928787,24.4590243,Viipuri,60.7139529,28.75715709999999,677
Pori,61.4851393,21.7974178,Mikkeli,61.68872709999999,27.2721457,691
Jyväskylä,62.2426034,25.7472567,Turku,60.4518126,22.2666303,701
Lappeenranta,61.05499289999999,28.1896628,Viipuri,60.7139529,28.75715709999999,711
Pori,61.4851393,21.7974178,Vaasa,63.09508899999999,21.6164564,715
Vaasa,63.09508899999999,21.6164564,Kuopio,62.89796999999999,27.6781725,720
Viipuri,60.7139529,28.75715709999999,Sortavala,61.70454239999999,30.6879017,738
Mikkeli,61.68872709999999,27.2721457,Tampere,61.4977524,23.7609535,742
Viipuri,60.7139529,28.75715709999999,Rauma,61.1308854,21.5059264,768
Oulu,65.0120888,25.4650773,Pori,61.4851393,21.7974178,771
Tampere,61.4977524,23.7609535,Lappeenranta,61.05499289999999,28.1896628,805
Turku,60.4518126,22.2666303,Kotka,60.4665666,26.9459403,806
Vaasa,63.09508899999999,21.6164564,Jyväskylä,62.2426034,25.7472567,814
Hämeenlinna,60.9928787,24.4590243,Tampere,61.4977524,23.7609535,829
Jyväskylä,62.2426034,25.7472567,Tampere,61.4977524,23.7609535,846
Pori,61.4851393,21.7974178,Viipuri,60.7139529,28.75715709999999,869
Hämeenlinna,60.9928787,24.4590243,Turku,60.4518126,22.2666303,872
Kuopio,62.89796999999999,27.6781725,Turku,60.4518126,22.2666303,872
Tampere,61.4977524,23.7609535,Rauma,61.1308854,21.5059264,897
Vaasa,63.09508899999999,21.6164564,Turku,60.4518126,22.2666303,897
Kuopio,62.89796999999999,27.6781725,Viipuri,60.7139529,28.75715709999999,902
Oulu,65.0120888,25.4650773,Viipuri,60.7139529,28.75715709999999,925
Tampere,61.4977524,23.7609535,Joensuu,62.6010155,29.7635719,930
Oulu,65.0120888,25.4650773,Kuopio,62.89796999999999,27.6781725,942
Viipuri,60.7139529,28.75715709999999,Jyväskylä,62.2426034,25.7472567,949
Joensuu,62.6010155,29.7635719,Helsinki,60.16985569999999,24.938379,950
Turku,60.4518126,22.2666303,Lappeenranta,61.05499289999999,28.1896628,954
Tampere,61.4977524,23.7609535,Hämeenlinna,60.9928787,24.4590243,972
Pori,61.4851393,21.7974178,Rauma,61.1308854,21.5059264,977
Viipuri,60.7139529,28.75715709999999,Mikkeli,61.68872709999999,27.2721457,989
Viipuri,60.7139529,28.75715709999999,Hämeenlinna,60.9928787,24.4590243,1004
Tampere,61.4977524,23.7609535,Mikkeli,61.68872709999999,27.2721457,1012
Viipuri,60.7139529,28.75715709999999,Joensuu,62.6010155,29.7635719,1020
Mikkeli,61.68872709999999,27.2721457,Helsinki,60.16985569999999,24.938379,1046
Oulu,65.0120888,25.4650773,Vaasa,63.09508899999999,21.6164564,1057
Pori,61.4851393,21.7974178,Oulu,65.0120888,25.4650773,1065
Kuopio,62.89796999999999,27.6781725,Tampere,61.4977524,23.7609535,1118
Vaasa,63.09508899999999,21.6164564,Tampere,61.4977524,23.7609535,1139
Vaasa,63.09508899999999,21.6164564,Oulu,65.0120888,25.4650773,1206
Helsinki,60.16985569999999,24.938379,Savonlinna,61.8679728,28.8863842,1216
Turku,60.4518126,22.2666303,Mikkeli,61.68872709999999,27.2721457,1225
Kuopio,62.89796999999999,27.6781725,Oulu,65.0120888,25.4650773,1282
Oulu,65.0120888,25.4650773,Tampere,61.4977524,23.7609535,1285
Turku,60.4518126,22.2666303,Joensuu,62.6010155,29.7635719,1309
Tampere,61.4977524,23.7609535,Jyväskylä,62.2426034,25.7472567,1323
Viipuri,60.7139529,28.75715709999999,Vaasa,63.09508899999999,21.6164564,1323
Helsinki,60.16985569999999,24.938379,Kotka,60.4665666,26.9459403,1346
Turku,60.4518126,22.2666303,Hämeenlinna,60.9928787,24.4590243,1465
Viipuri,60.7139529,28.75715709999999,Lappeenranta,61.05499289999999,28.1896628,1494
Jyväskylä,62.2426034,25.7472567,Helsinki,60.16985569999999,24.938379,1534
Kuopio,62.89796999999999,27.6781725,Joensuu,62.6010155,29.7635719,1573
Viipuri,60.7139529,28.75715709999999,Kuopio,62.89796999999999,27.6781725,1574
Oulu,65.0120888,25.4650773,Turku,60.4518126,22.2666303,1604
Viipuri,60.7139529,28.75715709999999,Pori,61.4851393,21.7974178,1631
Turku,60.4518126,22.2666303,Jyväskylä,62.2426034,25.7472567,1799
Vaasa,63.09508899999999,21.6164564,Helsinki,60.16985569999999,24.938379,1847
Pori,61.4851393,21.7974178,Tampere,61.4977524,23.7609535,1892
Hämeenlinna,60.9928787,24.4590243,Helsinki,60.16985569999999,24.938379,1902
Tampere,61.4977524,23.7609535,Vaasa,63.09508899999999,21.6164564,1919
Helsinki,60.16985569999999,24.938379,Sortavala,61.70454239999999,30.6879017,1953
Pori,61.4851393,21.7974178,Helsinki,60.16985569999999,24.938379,2097
Tampere,61.4977524,23.7609535,Kuopio,62.89796999999999,27.6781725,2124
Tampere,61.4977524,23.7609535,Oulu,65.0120888,25.4650773,2129
Pori,61.4851393,21.7974178,Turku,60.4518126,22.2666303,2156
Viipuri,60.7139529,28.75715709999999,Oulu,65.0120888,25.4650773,2157
Tampere,61.4977524,23.7609535,Viipuri,60.7139529,28.75715709999999,2200
Turku,60.4518126,22.2666303,Vaasa,63.09508899999999,21.6164564,2519
Turku,60.4518126,22.2666303,Kuopio,62.89796999999999,27.6781725,2531
Oulu,65.0120888,25.4650773,Helsinki,60.16985569999999,24.938379,2616
Pori,61.4851393,21.7974178,Kuopio,62.89796999999999,27.6781725,2678
Tampere,61.4977524,23.7609535,Pori,61.4851393,21.7974178,2700
Turku,60.4518126,22.2666303,Rauma,61.1308854,21.5059264,2730
Helsinki,60.16985569999999,24.938379,Rauma,61.1308854,21.5059264,2749
Helsinki,60.16985569999999,24.938379,Lappeenranta,61.05499289999999,28.1896628,2961
Viipuri,60.7139529,28.75715709999999,Tampere,61.4977524,23.7609535,3158
Turku,60.4518126,22.2666303,Oulu,65.0120888,25.4650773,3180
Helsinki,60.16985569999999,24.938379,Joensuu,62.6010155,29.7635719,3272
Helsinki,60.16985569999999,24.938379,Hämeenlinna,60.9928787,24.4590243,3538
Kuopio,62.89796999999999,27.6781725,Pori,61.4851393,21.7974178,3609
Kuopio,62.89796999999999,27.6781725,Helsinki,60.16985569999999,24.938379,4014
Tampere,61.4977524,23.7609535,Turku,60.4518126,22.2666303,4051
Viipuri,60.7139529,28.75715709999999,Turku,60.4518126,22.2666303,4207
Turku,60.4518126,22.2666303,Viipuri,60.7139529,28.75715709999999,4248
Tampere,61.4977524,23.7609535,Helsinki,60.16985569999999,24.938379,4291
Turku,60.4518126,22.2666303,Pori,61.4851393,21.7974178,4507
Helsinki,60.16985569999999,24.938379,Mikkeli,61.68872709999999,27.2721457,5004
Helsinki,60.16985569999999,24.938379,Jyväskylä,62.2426034,25.7472567,5036
Helsinki,60.16985569999999,24.938379,Vaasa,63.09508899999999,21.6164564,5980
Turku,60.4518126,22.2666303,Tampere,61.4977524,23.7609535,6412
Viipuri,60.7139529,28.75715709999999,Helsinki,60.16985569999999,24.938379,6659
Helsinki,60.16985569999999,24.938379,Oulu,65.0120888,25.4650773,7622
Helsinki,60.16985569999999,24.938379,Pori,61.4851393,21.7974178,7813
Helsinki,60.16985569999999,24.938379,Kuopio,62.89796999999999,27.6781725,8035
Turku,60.4518126,22.2666303,Helsinki,60.16985569999999,24.938379,9334
Helsinki,60.16985569999999,24.938379,Viipuri,60.7139529,28.75715709999999,11668
Helsinki,60.16985569999999,24.938379,Tampere,61.4977524,23.7609535,16991
Helsinki,60.16985569999999,24.938379,Turku,60.4518126,22.2666303,20448